16
protopterus       0.0000000 0.2591740 0.2327783 0.2540060 0.2462537 0.2655301 0.2365489 0.2697481 0.1714114 0.2418437 0.2292420 0.2244923 0.1886909 0.2375017 0.2045689 0.2113612 
Anolis            0.2591740 0.0000000 0.1733647 0.2278969 0.2292870 0.2256202 0.1773089 0.3035134 0.1598165 0.1706159 0.1518367 0.1591429 0.1491898 0.1052229 0.1352378 0.0733327 
Gallus            0.2327783 0.1733647 0.0000000 0.1934673 0.1994988 0.1893902 0.0679679 0.2888590 0.0905007 0.1233932 0.1075651 0.1101389 0.1125461 0.1691272 0.0940022 0.1303209 
Homo              0.2540060 0.2278969 0.1934673 0.0000000 0.1297114 0.1521522 0.1903669 0.2994357 0.1361257 0.1826059 0.1623216 0.1907961 0.1768649 0.2003642 0.1315923 0.1959800 
Monodelphis       0.2462537 0.2292870 0.1994988 0.1297114 0.0000000 0.1597182 0.2012103 0.3065580 0.1414965 0.1819964 0.1738712 0.1824106 0.1759462 0.2116599 0.1292608 0.1887457 
Ornithorhynchus   0.2655301 0.2256202 0.1893902 0.1521522 0.1597182 0.0000000 0.1906954 0.3132368 0.1555618 0.1908214 0.1740101 0.1893858 0.1683365 0.1894193 0.1570235 0.1831195 
Taeniopygia       0.2365489 0.1773089 0.0679679 0.1903669 0.2012103 0.1906954 0.0000000 0.2926184 0.1058480 0.1381023 0.1205891 0.1148486 0.1178089 0.1706558 0.1064783 0.1308261 
Xenopus           0.2697481 0.3035134 0.2888590 0.2994357 0.3065580 0.3132368 0.2926184 0.0000000 0.2525511 0.3003452 0.2697818 0.2727602 0.2737174 0.3045906 0.2333705 0.2264187 
alligator         0.1714114 0.1598165 0.0905007 0.1361257 0.1414965 0.1555618 0.1058480 0.2525511 0.0000000 0.0717252 0.0645157 0.0067063 0.0485483 0.1207651 0.0444999 0.0934190 
emys_orbicularis  0.2418437 0.1706159 0.1233932 0.1826059 0.1819964 0.1908214 0.1381023 0.3003452 0.0717252 0.0000000 0.0283033 0.0913471 0.0115523 0.1450992 0.0094525 0.0885248 
phrynops          0.2292420 0.1518367 0.1075651 0.1623216 0.1738712 0.1740101 0.1205891 0.2697818 0.0645157 0.0283033 0.0000000 0.0761700 0.0261826 0.1092872 0.0266995 0.0928819 
caiman            0.2244923 0.1591429 0.1101389 0.1907961 0.1824106 0.1893858 0.1148486 0.2727602 0.0067063 0.0913471 0.0761700 0.0000000 0.0848596 0.1307172 0.0749562 0.1221865 
caretta           0.1886909 0.1491898 0.1125461 0.1768649 0.1759462 0.1683365 0.1178089 0.2737174 0.0485483 0.0115523 0.0261826 0.0848596 0.0000000 0.1247373 0.0128819 0.1026012 
python            0.2375017 0.1052229 0.1691272 0.2003642 0.2116599 0.1894193 0.1706558 0.3045906 0.1207651 0.1450992 0.1092872 0.1307172 0.1247373 0.0000000 0.1157304 0.0674226 
chelonoidis_nigra 0.2045689 0.1352378 0.0940022 0.1315923 0.1292608 0.1570235 0.1064783 0.2333705 0.0444999 0.0094525 0.0266995 0.0749562 0.0128819 0.1157304 0.0000000 0.0970053 
podarcis          0.2113612 0.0733327 0.1303209 0.1959800 0.1887457 0.1831195 0.1308261 0.2264187 0.0934190 0.0885248 0.0928819 0.1221865 0.1026012 0.0674226 0.0970053 0.0000000 
