16
protopterus       0.0000000 0.3093681 0.2862206 0.3052775 0.2982764 0.3138943 0.2892821 0.3199752 0.2408456 0.2768197 0.3033175 0.2780084 0.2445552 0.2632210 0.2524485 0.3040505 
Anolis            0.3093681 0.0000000 0.2197954 0.2717339 0.2729534 0.2730335 0.2225122 0.3388124 0.2127698 0.2147522 0.2135485 0.2182536 0.1856483 0.1483993 0.1887529 0.1204196 
Gallus            0.2862206 0.2197954 0.0000000 0.2396025 0.2453515 0.2382528 0.0982482 0.3267412 0.1365250 0.1658503 0.1610404 0.1589245 0.1469227 0.2186347 0.1425876 0.1963695 
Homo              0.3052775 0.2717339 0.2396025 0.0000000 0.1726047 0.2005871 0.2369581 0.3358409 0.1914092 0.2262300 0.2255200 0.2510392 0.2121543 0.2465157 0.1862856 0.2656762 
Monodelphis       0.2982764 0.2729534 0.2453515 0.1726047 0.0000000 0.2079759 0.2469411 0.3405870 0.1983650 0.2258053 0.2361788 0.2433726 0.2108785 0.2561613 0.1841152 0.2608098 
Ornithorhynchus   0.3138943 0.2730335 0.2382528 0.2005871 0.2079759 0.0000000 0.2386162 0.3513405 0.2122781 0.2330929 0.2371635 0.2561038 0.2083632 0.2346942 0.2140459 0.2520150 
Taeniopygia       0.2892821 0.2225122 0.0982482 0.2369581 0.2469411 0.2386162 0.0000000 0.3296816 0.1551953 0.1824754 0.1776723 0.1649364 0.1535135 0.2184628 0.1584633 0.2011039 
Xenopus           0.3199752 0.3388124 0.3267412 0.3358409 0.3405870 0.3513405 0.3296816 0.0000000 0.3061742 0.3364482 0.3366926 0.3344756 0.2987752 0.3319952 0.2931507 0.2986956 
alligator         0.2408456 0.2127698 0.1365250 0.1914092 0.1983650 0.2122781 0.1551953 0.3061742 0.0000000 0.1089554 0.1151452 0.0126140 0.1040267 0.1940708 0.1069754 0.1605628 
emys_orbicularis  0.2768197 0.2147522 0.1658503 0.2262300 0.2258053 0.2330929 0.1824754 0.3364482 0.1089554 0.0000000 0.0481872 0.1295420 0.0198328 0.1651441 0.0183401 0.1496800 
phrynops          0.3033175 0.2135485 0.1610404 0.2255200 0.2361788 0.2371635 0.1776723 0.3366926 0.1151452 0.0481872 0.0000000 0.1237225 0.0434948 0.1812747 0.0469092 0.1590863 
caiman            0.2780084 0.2182536 0.1589245 0.2510392 0.2433726 0.2561038 0.1649364 0.3344756 0.0126140 0.1295420 0.1237225 0.0000000 0.1201469 0.2044889 0.1124508 0.1911651 
caretta           0.2445552 0.1856483 0.1469227 0.2121543 0.2108785 0.2083632 0.1535135 0.2987752 0.1040267 0.0198328 0.0434948 0.1201469 0.0000000 0.1767696 0.0228410 0.1533835 
python            0.2632210 0.1483993 0.2186347 0.2465157 0.2561613 0.2346942 0.2184628 0.3319952 0.1940708 0.1651441 0.1812747 0.2044889 0.1767696 0.0000000 0.1765344 0.1244303 
chelonoidis_nigra 0.2524485 0.1887529 0.1425876 0.1862856 0.1841152 0.2140459 0.1584633 0.2931507 0.1069754 0.0183401 0.0469092 0.1124508 0.0228410 0.1765344 0.0000000 0.1585475 
podarcis          0.3040505 0.1204196 0.1963695 0.2656762 0.2608098 0.2520150 0.2011039 0.2986956 0.1605628 0.1496800 0.1590863 0.1911651 0.1533835 0.1244303 0.1585475 0.0000000 
