16
protopterus       0.0000000 0.3697636 0.3334395 0.3630567 0.3453823 0.3759569 0.3371255 0.3838399 0.2074157 0.2999733 0.3207606 0.3137965 0.2651952 0.2771905 0.2211959 0.2349351 
Anolis            0.3697636 0.0000000 0.2272542 0.3020969 0.3051237 0.3000053 0.2337187 0.4064172 0.2066318 0.2239846 0.2016206 0.2438292 0.1956457 0.1625276 0.1997842 0.0941106 
Gallus            0.3334395 0.2272542 0.0000000 0.2565548 0.2641324 0.2511694 0.0880284 0.3886197 0.1226605 0.1638633 0.1425273 0.1658385 0.1462321 0.2733877 0.1410283 0.1697446 
Homo              0.3630567 0.3020969 0.2565548 0.0000000 0.1699576 0.2000040 0.2537937 0.4053343 0.1863998 0.2421898 0.2162573 0.2984493 0.2318228 0.3243692 0.1988110 0.2530036 
Monodelphis       0.3453823 0.3051237 0.2641324 0.1699576 0.0000000 0.2102850 0.2681477 0.4155168 0.1909722 0.2433177 0.2327731 0.2851758 0.2318489 0.3439549 0.1967931 0.2493044 
Ornithorhynchus   0.3759569 0.3000053 0.2511694 0.2000040 0.2102850 0.0000000 0.2540817 0.4234799 0.2116865 0.2539597 0.2299179 0.3028018 0.2243685 0.3092824 0.2343596 0.2372087 
Taeniopygia       0.3371255 0.2337187 0.0880284 0.2537937 0.2681477 0.2540817 0.0000000 0.3961934 0.1446244 0.1840607 0.1606380 0.1742859 0.1548168 0.2768457 0.1612463 0.1725557 
Xenopus           0.3838399 0.4064172 0.3886197 0.4053343 0.4155168 0.4234799 0.3961934 0.0000000 0.3498169 0.3944127 0.3587202 0.4293500 0.3642984 0.5048851 0.3625668 0.2933497 
alligator         0.2074157 0.2066318 0.1226605 0.1863998 0.1909722 0.2116865 0.1446244 0.3498169 0.0000000 0.0896867 0.0897534 0.0099319 0.1008731 0.1745457 0.0849552 0.0932706 
emys_orbicularis  0.2999733 0.2239846 0.1638633 0.2421898 0.2433177 0.2539597 0.1840607 0.3944127 0.0896867 0.0000000 0.0407582 0.1229084 0.0158371 0.1609893 0.0124510 0.1035447 
phrynops          0.3207606 0.2016206 0.1425273 0.2162573 0.2327731 0.2299179 0.1606380 0.3587202 0.0897534 0.0407582 0.0000000 0.1152501 0.0377134 0.1985124 0.0393575 0.1210666 
caiman            0.3137965 0.2438292 0.1658385 0.2984493 0.2851758 0.3028018 0.1742859 0.4293500 0.0099319 0.1229084 0.1152501 0.0000000 0.1043982 0.2589940 0.1023918 0.1631414 
caretta           0.2651952 0.1956457 0.1462321 0.2318228 0.2318489 0.2243685 0.1548168 0.3642984 0.1008731 0.0158371 0.0377134 0.1043982 0.0000000 0.2295702 0.0189790 0.1429554 
python            0.2771905 0.1625276 0.2733877 0.3243692 0.3439549 0.3092824 0.2768457 0.5048851 0.1745457 0.1609893 0.1985124 0.2589940 0.2295702 0.0000000 0.1624964 0.0870426 
chelonoidis_nigra 0.2211959 0.1997842 0.1410283 0.1988110 0.1967931 0.2343596 0.1612463 0.3625668 0.0849552 0.0124510 0.0393575 0.1023918 0.0189790 0.1624964 0.0000000 0.1023701 
podarcis          0.2349351 0.0941106 0.1697446 0.2530036 0.2493044 0.2372087 0.1725557 0.2933497 0.0932706 0.1035447 0.1210666 0.1631414 0.1429554 0.0870426 0.1023701 0.0000000 
