36
PRMAR1_1_PE245  0.0000000 0.2209619 0.1944518 0.2928769 0.2862615 0.2113727 0.1615776 0.1616426 0.2961021 0.2979737 0.2223665 0.2289186 0.2024249 0.2708638 0.3011719 0.2852255 0.2339018 0.2928887 0.2330571 0.3055647 0.2123391 0.1728801 0.1778603 0.3035960 0.2777950 0.1716076 0.2514592 0.2864710 0.1988746 0.3193187 0.3133959 0.2340858 0.2009740 0.3193500 0.2769570 0.2514592 
PROMP_1_PE223   0.2209619 0.0000000 0.2478232 0.3256710 0.3071519 0.2691481 0.2396478 0.2377940 0.3153314 0.3224118 0.0616298 0.0893267 0.2490685 0.3183973 0.3217409 0.3265061 0.1014808 0.3200894 0.1043706 0.3208284 0.2846735 0.2409589 0.2251411 0.3203060 0.3225659 0.2243192 0.2932595 0.3332020 0.2569866 0.3500215 0.3466298 0.1081177 0.2548600 0.3435884 0.3237733 0.2932595 
SYNSC_1_PE501   0.1944518 0.2478232 0.0000000 0.2774171 0.2791607 0.1849588 0.1484001 0.1468618 0.2743296 0.2770737 0.2595298 0.2496685 0.0848275 0.2719752 0.2750629 0.2569481 0.2538116 0.2751626 0.2516680 0.2876083 0.1509729 0.1801943 0.2007581 0.2699265 0.2623591 0.1981873 0.2420199 0.2900382 0.0913555 0.2969771 0.3085045 0.2473792 0.1132099 0.2990428 0.2597082 0.2420199 
CYAA5_6_PE1886  0.2928769 0.3256710 0.2774171 0.0000000 0.2106044 0.2742579 0.2905376 0.2890174 0.2315788 0.1782858 0.3343897 0.3419541 0.2906797 0.1974738 0.1627819 0.1896733 0.3433926 0.2791780 0.3406541 0.1437691 0.3000606 0.3032582 0.3089558 0.1594347 0.1855091 0.3061289 0.2465510 0.1979937 0.2917128 0.2944274 0.3088787 0.3450698 0.2843481 0.2907548 0.1845697 0.2465510 
ACAM1_1_PE3360  0.2862615 0.3071519 0.2791607 0.2106044 0.0000000 0.2654700 0.2688811 0.2617607 0.1586649 0.2094983 0.3195052 0.3044853 0.2834966 0.1784496 0.1930110 0.1758454 0.3119820 0.2495014 0.3129092 0.1958811 0.2994580 0.3012196 0.3019575 0.2109033 0.1677986 0.3015341 0.2121771 0.2223706 0.2837909 0.2607464 0.2957261 0.3092659 0.2722192 0.2790412 0.1681698 0.2121771 
SYNR3_2_PE313   0.2113727 0.2691481 0.1849588 0.2742579 0.2654700 0.0000000 0.1774851 0.1792965 0.2821751 0.2686057 0.2720596 0.2806811 0.2020177 0.2817176 0.2905847 0.2687332 0.2803291 0.2869221 0.2793273 0.2896986 0.2078150 0.2303681 0.2322529 0.2776653 0.2656258 0.2301053 0.2424625 0.2846010 0.1875986 0.2911578 0.3039604 0.2810469 0.1799823 0.2978231 0.2674969 0.2424625 
PROMM_1_PE1906  0.1615776 0.2396478 0.1484001 0.2905376 0.2688811 0.1774851 0.0000000 0.0171853 0.2856943 0.2912014 0.2446967 0.2408740 0.1571598 0.2669596 0.2888198 0.2754637 0.2449408 0.2824650 0.2468471 0.3021236 0.1508586 0.1761013 0.1861496 0.2859521 0.2771726 0.1819319 0.2428580 0.3056574 0.1573015 0.3138145 0.3135322 0.2496861 0.1335211 0.3126025 0.2736148 0.2428580 
PROM3_1_PE385   0.1616426 0.2377940 0.1468618 0.2890174 0.2617607 0.1792965 0.0171853 0.0000000 0.2883757 0.2905262 0.2410807 0.2387470 0.1568370 0.2604188 0.2875198 0.2699756 0.2445635 0.2819879 0.2457581 0.3026712 0.1502092 0.1726580 0.1814984 0.2833547 0.2690239 0.1791608 0.2381263 0.3035036 0.1550699 0.3108246 0.3031742 0.2457514 0.1319355 0.3035563 0.2655077 0.2381263 
CYAP4_1_PE2503  0.2961021 0.3153314 0.2743296 0.2315788 0.1586649 0.2821751 0.2856943 0.2883757 0.0000000 0.2095726 0.3256172 0.3347249 0.2924072 0.1961575 0.2030295 0.1834897 0.3328908 0.2571054 0.3315200 0.2096683 0.3084692 0.3171782 0.3121771 0.2200388 0.1804224 0.3106142 0.2433340 0.2162189 0.2933256 0.2618448 0.2941979 0.3343656 0.2766368 0.2801083 0.1799050 0.2433340 
SYNY3_4_PE1091  0.2979737 0.3224118 0.2770737 0.1782858 0.2094983 0.2686057 0.2912014 0.2905262 0.2095726 0.0000000 0.3306220 0.3218167 0.2861920 0.1942933 0.1555855 0.1872885 0.3281804 0.2530548 0.3290094 0.1762936 0.2992560 0.3064210 0.3047985 0.1724181 0.1903211 0.3038356 0.2469628 0.2053826 0.2963740 0.2759043 0.2874591 0.3279924 0.2741996 0.2719856 0.1919126 0.2469628 
PROM5_1_PE248   0.2223665 0.0616298 0.2595298 0.3343897 0.3195052 0.2720596 0.2446967 0.2410807 0.3256172 0.3306220 0.0000000 0.1065409 0.2568949 0.3333395 0.3395331 0.3279400 0.1064628 0.3248636 0.1125574 0.3299548 0.2893931 0.2385415 0.2332347 0.3253194 0.3330733 0.2322235 0.3020334 0.3334844 0.2594557 0.3491480 0.3528626 0.1127167 0.2570957 0.3494290 0.3323959 0.3020334 
PROM9_1_PE228   0.2289186 0.0893267 0.2496685 0.3419541 0.3044853 0.2806811 0.2408740 0.2387470 0.3347249 0.3218167 0.1065409 0.0000000 0.2595320 0.3264600 0.3275778 0.3180241 0.0419060 0.3415424 0.0384228 0.3328931 0.2700016 0.2353652 0.2180515 0.3334013 0.3223270 0.2177425 0.3044170 0.3364393 0.2531042 0.3658603 0.3533566 0.0419140 0.2560364 0.3383625 0.3232136 0.3044170 
SYNS9_1_PE1809  0.2024249 0.2490685 0.0848275 0.2906797 0.2834966 0.2020177 0.1571598 0.1568370 0.2924072 0.2861920 0.2568949 0.2595320 0.0000000 0.2784333 0.2956803 0.2601966 0.2594481 0.2840200 0.2635603 0.2960208 0.1670614 0.1970328 0.2157655 0.2904559 0.2779569 0.2129699 0.2486964 0.3125959 0.0978739 0.3212618 0.3240767 0.2636384 0.1220242 0.3132086 0.2762020 0.2486964 
TRIEI_1_PE2877  0.2708638 0.3183973 0.2719752 0.1974738 0.1784496 0.2817176 0.2669596 0.2604188 0.1961575 0.1942933 0.3333395 0.3264600 0.2784333 0.0000000 0.1889498 0.1400949 0.3303450 0.2506182 0.3250278 0.1948984 0.2874409 0.3110358 0.2880554 0.1992449 0.1410657 0.2876202 0.2239096 0.2008430 0.2818245 0.2619404 0.2723237 0.3234692 0.2717490 0.2703190 0.1422757 0.2239096 
CYAP7_1_PE4784  0.3011719 0.3217409 0.2750629 0.1627819 0.1930110 0.2905847 0.2888198 0.2875198 0.2030295 0.1555855 0.3395331 0.3275778 0.2956803 0.1889498 0.0000000 0.1784728 0.3335228 0.2666916 0.3358700 0.1474101 0.2792903 0.3231918 0.3105268 0.1240957 0.1752352 0.3081170 0.2455523 0.1990753 0.2955997 0.2772414 0.2879300 0.3377805 0.2725011 0.2873411 0.1767265 0.2455523 
NOSP7_2_PE102   0.2852255 0.3265061 0.2569481 0.1896733 0.1758454 0.2687332 0.2754637 0.2699756 0.1834897 0.1872885 0.3279400 0.3180241 0.2601966 0.1400949 0.1784728 0.0000000 0.3171849 0.2404451 0.3138741 0.1837337 0.2786686 0.3016037 0.2818143 0.1860562 0.0750814 0.2817817 0.2208546 0.2017319 0.2586279 0.2482058 0.2710840 0.3186645 0.2520004 0.2692753 0.0769576 0.2208546 
PROMS_1_PE238   0.2339018 0.1014808 0.2538116 0.3433926 0.3119820 0.2803291 0.2449408 0.2445635 0.3328908 0.3281804 0.1064628 0.0419060 0.2594481 0.3303450 0.3335228 0.3171849 0.0000000 0.3465296 0.0367940 0.3378393 0.2782722 0.2458455 0.2203863 0.3389067 0.3246891 0.2200739 0.2959409 0.3392760 0.2553516 0.3683513 0.3671307 0.0348710 0.2568165 0.3518145 0.3239090 0.2959409 
THEEB_1_PE2470  0.2928887 0.3200894 0.2751626 0.2791780 0.2495014 0.2869221 0.2824650 0.2819879 0.2571054 0.2530548 0.3248636 0.3415424 0.2840200 0.2506182 0.2666916 0.2404451 0.3465296 0.0000000 0.3459631 0.2483129 0.2982212 0.3087772 0.3013112 0.2667574 0.2521152 0.3006673 0.2428780 0.2736512 0.2825301 0.2646887 0.2670043 0.3382778 0.2873033 0.2637202 0.2537214 0.2428780 
PROM0_1_PE239   0.2330571 0.1043706 0.2516680 0.3406541 0.3129092 0.2793273 0.2468471 0.2457581 0.3315200 0.3290094 0.1125574 0.0384228 0.2635603 0.3250278 0.3358700 0.3138741 0.0367940 0.3459631 0.0000000 0.3294775 0.2780511 0.2443240 0.2320381 0.3301777 0.3265432 0.2317129 0.2976955 0.3407250 0.2543307 0.3679858 0.3592624 0.0333366 0.2565571 0.3447347 0.3237709 0.2976955 
CYAP8_1_PE3614  0.3055647 0.3208284 0.2876083 0.1437691 0.1958811 0.2896986 0.3021236 0.3026712 0.2096683 0.1762936 0.3299548 0.3328931 0.2960208 0.1948984 0.1474101 0.1837337 0.3378393 0.2483129 0.3294775 0.0000000 0.2928470 0.3237362 0.3018267 0.1574327 0.1834274 0.3009764 0.2384866 0.1982162 0.2873677 0.2860366 0.3102277 0.3329692 0.2878789 0.2932867 0.1851884 0.2384866 
SYNS3_1_PE2353  0.2123391 0.2846735 0.1509729 0.3000606 0.2994580 0.2078150 0.1508586 0.1502092 0.3084692 0.2992560 0.2893931 0.2700016 0.1670614 0.2874409 0.2792903 0.2786686 0.2782722 0.2982212 0.2780511 0.2928470 0.0000000 0.2048138 0.2156761 0.2892699 0.2705468 0.2201697 0.2622436 0.3084057 0.1442750 0.3184524 0.3287751 0.2772520 0.1046873 0.3122171 0.2693313 0.2622436 
PROM4_1_PE239   0.1728801 0.2409589 0.1801943 0.3032582 0.3012196 0.2303681 0.1761013 0.1726580 0.3171782 0.3064210 0.2385415 0.2353652 0.1970328 0.3110358 0.3231918 0.3016037 0.2458455 0.3087772 0.2443240 0.3237362 0.2048138 0.0000000 0.1853752 0.3091395 0.3083292 0.1833013 0.2663964 0.3155614 0.1957875 0.3281012 0.3324004 0.2459871 0.1871374 0.3167253 0.3061230 0.2663964 
PROM1_1_PE296   0.1778603 0.2251411 0.2007581 0.3089558 0.3019575 0.2322529 0.1861496 0.1814984 0.3121771 0.3047985 0.2332347 0.2180515 0.2157655 0.2880554 0.3105268 0.2818143 0.2203863 0.3013112 0.2320381 0.3018267 0.2156761 0.1853752 0.0000000 0.3138155 0.2837366 0.0050649 0.2746886 0.3163267 0.2049972 0.3416658 0.3294083 0.2248778 0.2067136 0.3281599 0.2859879 0.2746886 
MICAN_1_PE2347  0.3035960 0.3203060 0.2699265 0.1594347 0.2109033 0.2776653 0.2859521 0.2833547 0.2200388 0.1724181 0.3253194 0.3334013 0.2904559 0.1992449 0.1240957 0.1860562 0.3389067 0.2667574 0.3301777 0.1574327 0.2892699 0.3091395 0.3138155 0.0000000 0.1846970 0.3097985 0.2494321 0.2026356 0.2958705 0.2825652 0.3105363 0.3347722 0.2738044 0.2956598 0.1835707 0.2494321 
ANAVT_4_PE2640  0.2777950 0.3225659 0.2623591 0.1855091 0.1677986 0.2656258 0.2771726 0.2690239 0.1804224 0.1903211 0.3330733 0.3223270 0.2779569 0.1410657 0.1752352 0.0750814 0.3246891 0.2521152 0.3265432 0.1834274 0.2705468 0.3083292 0.2837366 0.1846970 0.0000000 0.2809292 0.2193783 0.1939402 0.2721669 0.2494844 0.2727082 0.3230828 0.2420319 0.2618732 0.0083681 0.2193783 
PROMT_1_PE275   0.1716076 0.2243192 0.1981873 0.3061289 0.3015341 0.2301053 0.1819319 0.1791608 0.3106142 0.3038356 0.2322235 0.2177425 0.2129699 0.2876202 0.3081170 0.2817817 0.2200739 0.3006673 0.2317129 0.3009764 0.2201697 0.1833013 0.0050649 0.3097985 0.2809292 0.0000000 0.2720541 0.3137455 0.2042832 0.3412262 0.3290175 0.2245616 0.2036114 0.3282096 0.2831729 0.2720541 
SYNP6_1_PE913   0.2514592 0.2932595 0.2420199 0.2465510 0.2121771 0.2424625 0.2428580 0.2381263 0.2433340 0.2469628 0.3020334 0.3044170 0.2486964 0.2239096 0.2455523 0.2208546 0.2959409 0.2428780 0.2976955 0.2384866 0.2622436 0.2663964 0.2746886 0.2494321 0.2193783 0.2720541 0.0000000 0.2509457 0.2444437 0.2544756 0.2602931 0.2911447 0.2295372 0.2553999 0.2182111 0.0000010 
SYNP2_5_PE2540  0.2864710 0.3332020 0.2900382 0.1979937 0.2223706 0.2846010 0.3056574 0.3035036 0.2162189 0.2053826 0.3334844 0.3364393 0.3125959 0.2008430 0.1990753 0.2017319 0.3392760 0.2736512 0.3407250 0.1982162 0.3084057 0.3155614 0.3163267 0.2026356 0.1939402 0.3137455 0.2509457 0.0000000 0.3059292 0.2885081 0.2671297 0.3369611 0.2872424 0.2754709 0.1909950 0.2509457 
SYNPX_1_PE1932  0.1988746 0.2569866 0.0913555 0.2917128 0.2837909 0.1875986 0.1573015 0.1550699 0.2933256 0.2963740 0.2594557 0.2531042 0.0978739 0.2818245 0.2955997 0.2586279 0.2553516 0.2825301 0.2543307 0.2873677 0.1442750 0.1957875 0.2049972 0.2958705 0.2721669 0.2042832 0.2444437 0.3059292 0.0000000 0.3125272 0.3056788 0.2507408 0.1265223 0.3129805 0.2734140 0.2444437 
GLVIO1_1_PE3637 0.3193187 0.3500215 0.2969771 0.2944274 0.2607464 0.2911578 0.3138145 0.3108246 0.2618448 0.2759043 0.3491480 0.3658603 0.3212618 0.2619404 0.2772414 0.2482058 0.3683513 0.2646887 0.3679858 0.2860366 0.3184524 0.3281012 0.3416658 0.2825652 0.2494844 0.3412262 0.2544756 0.2885081 0.3125272 0.0000000 0.2645763 0.3619918 0.3047043 0.2651118 0.2516210 0.2544756 
SYNJA_1_PE2457  0.3133959 0.3466298 0.3085045 0.3088787 0.2957261 0.3039604 0.3135322 0.3031742 0.2941979 0.2874591 0.3528626 0.3533566 0.3240767 0.2723237 0.2879300 0.2710840 0.3671307 0.2670043 0.3592624 0.3102277 0.3287751 0.3324004 0.3294083 0.3105363 0.2727082 0.3290175 0.2602931 0.2671297 0.3056788 0.2645763 0.0000000 0.3583442 0.3211674 0.0730851 0.2720437 0.2602931 
PROM2_1_PE238   0.2340858 0.1081177 0.2473792 0.3450698 0.3092659 0.2810469 0.2496861 0.2457514 0.3343656 0.3279924 0.1127167 0.0419140 0.2636384 0.3234692 0.3377805 0.3186645 0.0348710 0.3382778 0.0333366 0.3329692 0.2772520 0.2459871 0.2248778 0.3347722 0.3230828 0.2245616 0.2911447 0.3369611 0.2507408 0.3619918 0.3583442 0.0000000 0.2553976 0.3500970 0.3215934 0.2911447 
SYNPW_2_PE2097  0.2009740 0.2548600 0.1132099 0.2843481 0.2722192 0.1799823 0.1335211 0.1319355 0.2766368 0.2741996 0.2570957 0.2560364 0.1220242 0.2717490 0.2725011 0.2520004 0.2568165 0.2873033 0.2565571 0.2878789 0.1046873 0.1871374 0.2067136 0.2738044 0.2420319 0.2036114 0.2295372 0.2872424 0.1265223 0.3047043 0.3211674 0.2553976 0.0000000 0.3107349 0.2413594 0.2295372 
SYNJB_1_PE2309  0.3193500 0.3435884 0.2990428 0.2907548 0.2790412 0.2978231 0.3126025 0.3035563 0.2801083 0.2719856 0.3494290 0.3383625 0.3132086 0.2703190 0.2873411 0.2692753 0.3518145 0.2637202 0.3447347 0.2932867 0.3122171 0.3167253 0.3281599 0.2956598 0.2618732 0.3282096 0.2553999 0.2754709 0.3129805 0.2651118 0.0730851 0.3500970 0.3107349 0.0000000 0.2599576 0.2553999 
ANASP_6_PE49    0.2769570 0.3237733 0.2597082 0.1845697 0.1681698 0.2674969 0.2736148 0.2655077 0.1799050 0.1919126 0.3323959 0.3232136 0.2762020 0.1422757 0.1767265 0.0769576 0.3239090 0.2537214 0.3237709 0.1851884 0.2693313 0.3061230 0.2859879 0.1835707 0.0083681 0.2831729 0.2182111 0.1909950 0.2734140 0.2516210 0.2720437 0.3215934 0.2413594 0.2599576 0.0000000 0.2182111 
SYNE7_1_PE611   0.2514592 0.2932595 0.2420199 0.2465510 0.2121771 0.2424625 0.2428580 0.2381263 0.2433340 0.2469628 0.3020334 0.3044170 0.2486964 0.2239096 0.2455523 0.2208546 0.2959409 0.2428780 0.2976955 0.2384866 0.2622436 0.2663964 0.2746886 0.2494321 0.2193783 0.2720541 0.0000010 0.2509457 0.2444437 0.2544756 0.2602931 0.2911447 0.2295372 0.2553999 0.2182111 0.0000000 
